Transform:
	Position: [0.000000|0.000000|0.000000]
	Rotation: 90
	Scale: [0.000000|0.000000|0.000000]
