Transform:
	Position: [0.000000|0.000000|0.000000]
	Rotation: [0.000000|0.000000|0.000000]
	Scale: [0.000000|0.000000|0.000000]
