Object: 
	Transform:
		Position: [1.000000|0.000000|0.000000]
		Rotation: [2.000000|0.000000|0.000000]
		Scale: [3.000000|0.000000|0.000000]
	Components: 1:
		Transform:
			Position: [4.000000|0.000000|0.000000]
			Rotation: [5.000000|0.000000|0.000000]
			Scale: [6.000000|0.000000|0.000000]
	Children: 1:
		Object: 
			Transform:
				Position: [7.000000|0.000000|0.000000]
				Rotation: [8.000000|0.000000|0.000000]
				Scale: [9.000000|0.000000|0.000000]
			Components: 0:
			Children: 0:
